3 rbox 25 s D3
25
-0.419708 0.612323 0.670005
-0.911004 -0.407141 0.0656357
0.870914 -0.478183 0.113358
0.878607 0.365721 0.307081
-0.595242 0.28049 -0.753002
-0.891471 -0.429685 -0.143705
0.630361 -0.440803 0.639013
-0.352318 -0.60883 0.710773
-0.789905 -0.533496 0.302376
-0.250826 0.953987 0.164305
-0.349248 -0.8982 0.266952
-0.978116 0.136343 -0.157163
0.0685857 -0.150048 0.986297
-0.85219 -0.196119 -0.485087
0.529322 0.133849 0.837796
-0.158625 0.181017 0.970603
0.104616 0.947986 0.300628
0.41625 0.123601 0.90081
0.91649 0.269744 0.295439
-0.367396 0.201225 -0.908036
-0.647203 -0.673832 -0.35648
0.483104 0.755362 0.442762
0.648208 -0.55535 -0.520973
0.645077 -0.223654 0.730654
0.82761 -0.230275 0.511894
